8.0,7.516369094265626
64.0,7.464869486169924
512.0,7.4788964362360675
4096.0,7.479281154215686
32768.0,7.273285267975109
8.0,11.725316055250001
64.0,11.621927581593749
512.0,11.409224009880877
4096.0,11.409898034231635
32768.0,11.3296536529188
8.0,19.830377164781254
64.0,19.734466879968753
512.0,18.915278856816176
4096.0,18.62365341588709
32768.0,18.807437755112055
8.0,29.1724755475625
64.0,28.505129958125014
512.0,27.780626185486305
4096.0,27.373558266613344
32768.0,27.259243832836955
8.0,37.077402841749986
64.0,36.05882351676563
512.0,34.925541526109804
4096.0,34.43095893202675
32768.0,34.159601296485825
8.0,14.893234896765625
64.0,14.77616202898633
512.0,14.432881888335427
4096.0,14.434721000359218
32768.0,14.346693695442607
8.0,22.471349772937504
64.0,22.106513831496095
512.0,22.534180996750514
4096.0,22.433359643334597
32768.0,22.48111389147376
8.0,32.71804509859375
64.0,32.471779252628906
512.0,32.229497723897
4096.0,32.581213286425836
32768.0,31.75388960977985
8.0,42.98473923
64.0,42.42493529942968
512.0,42.23174411656037
4096.0,42.10843310627871
32768.0,41.83943330811632
8.0,51.1532588338125
64.0,50.534515015066404
512.0,50.41718670825922
4096.0,50.29950876034618
32768.0,49.8779510649994
8.0,21.799287476125
64.0,21.595885805499996
512.0,21.352951675500467
4096.0,21.37520782777493
32768.0,21.173331219317042
8.0,34.123618771937494
64.0,33.88077001535155
512.0,33.70701893598068
4096.0,34.30502678971714
32768.0,33.350082822964914
8.0,47.43021182425
64.0,47.175691700539055
512.0,46.34749048861109
4096.0,47.302857898216175
32768.0,48.117376541290625
8.0,59.128140667749996
64.0,58.46135746233595
512.0,58.334162798851445
4096.0,58.206152628858014
32768.0,58.105932295678144
8.0,71.51362590553126
64.0,70.82725211592967
512.0,70.96446667148467
4096.0,71.05612819580168
32768.0,70.95194537602568
8.0,28.624810773531248
64.0,28.179513515466788
512.0,28.59796437774948
4096.0,28.5364849254921
32768.0,28.227908196895278
8.0,46.41614862543751
64.0,46.1718572905586
512.0,46.22489386032505
4096.0,46.208032487919695
32768.0,45.80981398777258
8.0,60.962651713906254
64.0,60.585915981740264
512.0,60.33846421923283
4096.0,60.19662959670892
32768.0,60.088569965445934
8.0,77.15928149190623
64.0,76.53610463172262
512.0,76.60158953903948
4096.0,76.63260208430759
32768.0,76.53967257858899
8.0,93.38138804406249
64.0,92.88233511714257
512.0,92.9163467485993
4096.0,93.04409604251524
32768.0,93.03527505643576
8.0,35.62815676796875
64.0,35.5863625771406
512.0,35.248006578106924
4096.0,35.430661637623054
32768.0,35.92163021962714
8.0,55.55663874053124
64.0,55.392405387121094
512.0,55.27809977422722
4096.0,55.159008777529685
32768.0,54.88139498326867
8.0,75.36803557574999
64.0,74.9715014594648
512.0,74.87000560862097
4096.0,74.84435360297942
32768.0,74.67671652157519
8.0,95.42284412174999
64.0,95.00084878184755
512.0,94.93846967116761
4096.0,95.05819965809708
32768.0,94.93622518781022
8.0,115.72725183956251
64.0,115.38925056268359
512.0,115.9453958249882
4096.0,116.30439977886886
32768.0,116.1631343157396